0.00 1.74 7.60 5.08 4.30 7.05 7.40
1.74 0.00 5.89 3.41 2.73 5.47 6.08
7.60 5.89 0.00 2.57 4.37 1.73 3.54
5.08 3.41 2.57 0.00 2.79 2.16 3.37
4.30 2.73 4.37 2.79 0.00 4.79 6.16
7.05 5.47 1.73 2.16 4.79 0.00 1.85
7.40 6.08 3.54 3.37 6.16 1.85 0.00
